{ 0.999988, 0.0025591, -0.00478191, 0; -0.00256456, 1, -0.00113776, 0; 0.00477898, 0.00115, 0.999991, 0; 0.00321979, 0.00282878, 0.000846482, 1} 
{ 0.980301, 0.0861121, 0.177769, 0; -0.0879586, 0.996128, 0.00251496, 0; -0.176864, -0.0181016, 0.984074, 0; -0.0496684, 0.0314778, -0.0236664, 1} 
{ 0.901906, 0.064467, 0.427095, 0; -0.0448853, 0.997436, -0.0557711, 0; -0.429595, 0.0311299, 0.902485, 0; 0.0560021, -0.0194516, -0.0474563, 1} 
{ 0.717329, 0.401875, 0.569155, 0; -0.422705, 0.900395, -0.103009, 0; -0.55386, -0.166693, 0.815754, 0; 0.810298, 0.269269, 0.258699, 1} 
