[0.974267 0.0199108 0.224515 0.0946842; 0.00390087 0.994451 -0.105118 -0.0328301; -0.225362 0.103289 0.968784 0.00772167; 0 0 0 1]
[0.944123 0.0136734 0.329313 0.186185; 0.0216519 0.994407 -0.103363 -0.0557752; -0.328885 0.104717 0.938546 -0.0306311; 0 0 0 1]
[0.803534 0.0371738 0.594095 0.266546; 0.0224364 0.995448 -0.0926329 -0.0596274; -0.594834 0.0877633 0.79904 -0.0719822; 0 0 0 1]
