[0.836187 -0.109133 -0.53746 -0.308027; 0.0309576 0.987817 -0.152417 0.186329; 0.547555 0.110806 0.82938 -0.176531; 0 0 0 1]
[0.244054 -0.0369373 -0.969029 -0.308103; -0.0344049 0.998288 -0.0467191 0.165877; 0.969129 0.0447458 0.242369 -0.577329; 0 0 0 1]
[-0.890089 -0.396375 -0.224806 -0.298296; -0.389726 0.917814 -0.0752045 0.188928; 0.236146 0.0206757 -0.971463 -0.332924; 0 0 0 1]
[-0.547247 -0.665476 0.507482 0.0085853; -0.421574 0.74301 0.519729 0.386745; -0.722985 0.0704853 -0.687192 -0.167452; 0 0 0 1]
[0.482645 -0.73873 0.470272 -0.293924; 0.5484 0.67362 0.495337 0.296345; -0.682761 0.018821 0.73031 -0.0685079; 0 0 0 1]
[0.449668 -0.735234 -0.50697 -0.404305; 0.50398 0.677506 -0.535556 0.204368; 0.737317 -0.0146923 0.675259 -0.0571119; 0 0 0 1]
[0.637862 -0.722119 -0.267327 0.016259; 0.686516 0.690548 -0.227305 0.280377; 0.348788 -0.038549 0.936314 -0.0903488; 0 0 0 1]
